750
175 290 
997 
109 
820 
69 359 
133 327 
225 
76 80 
92 
31 153 
344 808 
115 91 
40 475 
169 157 
136 
3 
291 428 
118 88 
589 12 
438 65 
162 262 
661 27 
81 
450 
228 
87 
150 155 
758 653 
48 
160 171 
468 
216 
183 407 
392 862 
287 
113 
242 447 
415 8 
286 
78 
204 249 
83 
619 659 
436 
196 
100 
795 919 
705 338 
19 
114 443 
259 263 
847 36 
147 371 
240 
825 15 
236 61 
409 102 
320 
670 52 
469 528 
746 
106 
511 858 
424 101 
163 321 
10 214 
381 
848 
20 131 
34 
26 577 
239 
182 458 
567 
23 
960 108 
559 
302 
28 
1 
2 67 
285 929 
991 99 
93 30 
50 
156 195 
861 161 
71 339 
461 474 
899 
44 289 
105 215 
423 
756 
146 524 
341 335 
281 
231 55 
622 580 
712 
188 612 
333 
430 
387 
138 947 
32 128 
168 227 
490 405 
924 
89 
288 94 
13 
606 
230 
497 
200 207 
159 
370 
404 
238 810 
72 529 
388 199 
103 
294 
517 800 
11 
604 
480 
222 
514 
765 0 
62 
576 
229 
256 47 
22 
775 
401 134 
817 51 
551 
38 
735 185 
137 269 
96 628 
141 
994 
193 
773 965 
197 
60 
9 
383 434 
5 
652 
487 297 
250 385 
125 
951 
570 
241 
218 266 
179 
165 832 
126 264 
509 
557 
573 681 
70 
49 248 
433 
41 
605 
964 
413 18 
412 
584 
501 684 
90 
84 525 
422 403 
127 
217 
550 
139 
130 198 
361 
277 
243 624 
311 
838 988 
386 498 
129 444 
181 
66 68 
354 
995 6 
350 64 
588 
583 760 
352 
585 676 
494 726 
845 
492 252 
408 898 
279 
145 
768 
993 104 
508 
210 
245 
148 
410 513 
591 
553 226 
595 53 
247 
255 
471 695 
932 455 
120 
638 
937 95 
872 318 
63 
505 
140 
46 664 
98 
347 
329 
972 
275 
54 586 
334 
119 117 
203 
21 
860 
866 891 
151 482 
936 
814 636 
889 
316 
736 
211 
846 124 
939 
273 558 
417 518 
399 759 
472 
223 85 
728 
202 
337 414 
416 
332 
778 
340 
4 
314 
272 
609 770 
740 521 
892 617 
260 
24 
761 
251 
596 
485 
345 637 
283 
732 
565 
82 206 
111 
630 716 
307 534 
572 783 
201 
121 
373 454 
16 
73 
743 
364 
375 470 
219 
278 
57 116 
579 632 
463 
304 552 
962 
246 841 
744 459 
982 633 
789 355 
481 873 
367 
662 973 
607 868 
154 
483 
824 37 
921 
365 837 
324 686 
460 
35 
358 
233 
545 244 
191 657 
174 
704 
582 97 
353 544 
913 
806 123 
77 
25 
602 
29 
769 86 
224 172 
484 857 
300 
393 
328 
466 571 
457 
267 
692 
187 
781 143 
377 
144 271 
265 
270 394 
620 665 
519 
235 
45 
478 794 
325 
644 
309 
536 
714 173 
346 
189 
724 
887 
629 
543 253 
737 813 
533 
742 
406 
446 
7 
614 
176 
949 979 
234 934 
912 59 
298 
581 368 
74 
14 
43 
110 
801 331 
336 634 
232 
149 
532 
499 
723 
627 
849 
379 
209 
720 306 
675 703 
184 
755 
616 
75 
142 
178 
710 903 
425 
194 
467 
815 
132 
112 
177 
835 330 
313 
402 221 
802 
575 
970 
39 
876 257 
504 
166 
296 
479 
938 
293 
261 
884 180 
942 
541 
465 158 
107 
212 
315 
395 398 
56 
305 
323 
923 
439 
348 
611 
741 
977 674 
869 
213 
292 
648 
190 366 
284 
42 
276 
186 
299 
167 
799 
453 
372 496 
449 717 
562 590 
451 
745 
220 
152 390 
495 603 
164 
363 384 
356 
933 
258 
688 
715 437 
927 280 
785 
901 237 
522 427 
421 
376 343 
530 
382 432 
378 
301 
488 
208 
645 
569 
464 711 
351 
268 
435 
615 418 
945 79 
984 566 
635 957 
796 697 
391 
908 
834 310 
462 
707 
303 
840 537 
718 
254 
342 
441 
894 749 
500 
647 
561 
192 
411 
503 295 
666 587 
610 
312 
803 
764 
546 
282 
456 
452 512 
17 
601 625 
539 
833 668 
963 
445 535 
205 
374 
349 
319 
397 
623 
502 
830 
594 
274 
400 
476 563 
975 
709 920 
739 
380 
663 
870 
885 547 
893 
626 
429 
788 753 
763 797 
690 
369 
953 598 
915 426 
389 
816 698 
821 
574 
807 
440 
719 
538 
122 
542 701 
855 
357 
317 
486 
170 
516 
396 
448 
682 
510 774 
515 
527 568 
926 
754 
654 
549 
431 
556 
526 
554 
560 
771 
818 600 
888 
702 
548 683 
420 
442 
646 
660 985 
326 
608 879 
941 751 
935 
506 
651 793 
910 419 
33 
477 
597 
322 721 
804 
669 
865 
679 
819 
360 
473 
592 
540 
555 
618 762 
308 
641 
992 
489 
507 
531 
649 
655 
671 
776 
643 700 
493 
631 974 
491 
564 946 
722 
978 
708 
886 
667 
650 
673 750 
966 
777 
812 
729 
897 911 
678 
747 
621 
520 
867 
767 
823 
844 
685 883 
706 
836 
656 
805 943 
928 699 
971 
725 
907 
851 
687 
757 
752 952 
613 
727 
689 961 
693 
863 
642 
578 881 
680 
856 967 
135 
850 
853 940 
896 
730 
672 
658 
677 
895 
779 
772 
733 
362 
790 
828 696 
906 
748 
902 599 
640 
877 
890 
766 
784 
831 
523 909 
58 996 
738 
786 
713 
731 930 
829 
878 
852 
734 
871 918 
882 990 
782 798 
864 
827 
916 956 
780 
955 
922 
880 
639 
986 
842 
954 
998 
792 
787 
691 
875 
843 
811 
874 
859 
989 
958 980 
791 
839 
948 
987 
925 
694 
854 
917 
976 
959 
826 
914 
593 
969 
981 999 
931 
905 
968 904 
983 
809 
950 
944 
900 
822 
